112
85
71
178
64
158
252
200
26
104
244
215
110
92
210
148
223
12
108
103
22
39
231
119
123
136
64
230
40
21
157
112
218
127
54
19
187
50
249
4
220
146
238
41
130
6
190
82
154
228
103
251
151
172
209
154
211
250
45
41
108
190
103
40
40
127
196
138
57
6
111
158
254
128
154
76
19
172
91
44
90
217
61
232
198
28
133
40
99
14
137
174
36
33
55
92
71
244
169
96
52
173
41
45
219
81
208
94
66
235
181
221
219
208
89
92
145
186
58
178
75
158
74
95
177
226
155
230
137
97
69
48
51
191
9
226
150
7
101
29
126
30
244
181
33
99
27
104
172
154
